0.000000000000000000e+00,3.141592653589792672e+00
6.289474781961547356e-03,3.141530517029870850e+00
1.257894956392309471e-02,3.141344109808062335e+00
1.886842434588464207e-02,3.141033439298145602e+00
2.515789912784618942e-02,3.140598517789425781e+00
3.144737390980773678e-02,3.140039362486251928e+00
3.773684869176928414e-02,3.139355995507333130e+00
4.402632347373083149e-02,3.138548443884864092e+00
5.031579825569237885e-02,3.137616739563457102e+00
5.660527303765392620e-02,3.136560919398879044e+00
6.289474781961547356e-02,3.135381025156590340e+00
6.918422260157702786e-02,3.134077103510095164e+00
7.547369738353856827e-02,3.132649206039094469e+00
8.176317216550010869e-02,3.131097389227447181e+00
8.805264694746166299e-02,3.129421714460933757e+00
9.434212172942321728e-02,3.127622248024827911e+00
1.006315965113847577e-01,3.125699061101276488e+00
1.069210712933462981e-01,3.123652229766482158e+00
1.132105460753078524e-01,3.121481834987693382e+00
1.195000208572694067e-01,3.119187962620005639e+00
1.257894956392309471e-01,3.116770703402957476e+00
1.320789704211924875e-01,3.114230152956948938e+00
1.383684452031540557e-01,3.111566411779455699e+00
1.446579199851155961e-01,3.108779585241054022e+00
1.509473947670771365e-01,3.105869783581251653e+00
1.572368695490386770e-01,3.102837121904127304e+00
1.635263443310002174e-01,3.099681720173778743e+00
1.698158191129617856e-01,3.096403703209576808e+00
1.761052938949233260e-01,3.093003200681227582e+00
1.823947686768848664e-01,3.089480347103642721e+00
1.886842434588464346e-01,3.085835281831618815e+00
1.949737182408079750e-01,3.082068149054323136e+00
2.012631930227695154e-01,3.078179097789595531e+00
2.075526678047310558e-01,3.074168281878044695e+00
2.138421425866925962e-01,3.070035859976971260e+00
2.201316173686541644e-01,3.065781995554087036e+00
2.264210921506157048e-01,3.061406856881050409e+00
2.327105669325772452e-01,3.056910617026805443e+00
2.390000417145388134e-01,3.052293453850745575e+00
2.452895164965003538e-01,3.047555549995668134e+00
2.515789912784618942e-01,3.042697092880553456e+00
2.578684660604234624e-01,3.037718274693152587e+00
2.641579408423849751e-01,3.032619292382380483e+00
2.704474156243465433e-01,3.027400347650530676e+00
2.767368904063081114e-01,3.036082688991075695e+00
2.830263651882696241e-01,3.031597023640581590e+00
2.893158399702311923e-01,3.027035623717082125e+00
2.956053147521927049e-01,3.022399624440615273e+00
3.018947895341542731e-01,3.017690162027736989e+00
3.081842643161158413e-01,3.012908373968937958e+00
3.144737390980773539e-01,3.008055398650286261e+00
3.207632138800389221e-01,3.003132375346467153e+00
3.270526886620004348e-01,2.998140444166118357e+00
3.333421634439620029e-01,2.993080746035257089e+00
3.396316382259235711e-01,2.987954422457941739e+00
3.459211130078850838e-01,2.982762615722969635e+00
3.522105877898466519e-01,2.977506468374833126e+00
3.585000625718082201e-01,2.972187123493465144e+00
3.647895373537697328e-01,2.966805724533674304e+00
3.710790121357313009e-01,2.961363415116958997e+00
3.773684869176928691e-01,2.955861339199021831e+00
3.836579616996543818e-01,2.950300640682745446e+00
3.899474364816159500e-01,2.944682463463005995e+00
3.962369112635774626e-01,2.939007951505893779e+00
4.025263860455390308e-01,2.933278248500303054e+00
4.088158608275005990e-01,2.927494498028813563e+00
4.151053356094621116e-01,2.921657843265833332e+00
4.213948103914236798e-01,2.915769426917425466e+00
4.276842851733851925e-01,2.909830391406692751e+00
4.339737599553467606e-01,2.903841878451202785e+00
4.402632347373083288e-01,2.897805029222181084e+00
4.465527095192698415e-01,2.891720984121772364e+00
4.528421843012314096e-01,2.885590882681250413e+00
4.591316590831929778e-01,2.879415863644489537e+00
4.654211338651544905e-01,2.873197064839033921e+00
4.717106086471160586e-01,2.866935628612400588e+00
4.780000834290776268e-01,2.860632673627419464e+00
4.842895582110391395e-01,2.854289351144805753e+00
4.905790329930007077e-01,2.847906788656600519e+00
4.968685077749622203e-01,2.841486117981752102e+00
5.031579825569237885e-01,2.835028469235099546e+00
5.094474573388853011e-01,2.828534971769952389e+00
5.157369321208469248e-01,2.822006752103267679e+00
5.220264069028084375e-01,2.815444935983093089e+00
5.283158816847699502e-01,2.808850647238450460e+00
5.346053564667315738e-01,2.802225007731304895e+00
5.408948312486930865e-01,2.795569137592436082e+00
5.471843060306545992e-01,2.788884154564390538e+00
5.534737808126162228e-01,2.782171174698222949e+00
5.597632555945777355e-01,2.775431312608935386e+00
5.660527303765392482e-01,2.768665677589034591e+00
5.723422051585007608e-01,2.761875381058366941e+00
5.786316799404623845e-01,2.755061529351388039e+00
5.849211547224238972e-01,2.748225226554379841e+00
5.912106295043854098e-01,2.741367574798488249e+00
5.975001042863470335e-01,2.734489673311061075e+00
6.037895790683085462e-01,2.727592618595771512e+00
6.100790538502700588e-01,2.720677504669459346e+00
6.163685286322316825e-01,2.713745422286141462e+00
6.226580034141931952e-01,2.706797460288529855e+00
6.289474781961547079e-01,2.699834701587079611e+00
6.352369529781163315e-01,2.692858230408750053e+00
6.415264277600778442e-01,2.685869125012148029e+00
6.478159025420393569e-01,2.678868460860321932e+00
6.541053773240008695e-01,2.671857310239599492e+00
6.603948521059624932e-01,2.664836742475982234e+00
6.666843268879240059e-01,2.657807823059881613e+00
6.729738016698855185e-01,2.650771613748791111e+00
6.792632764518471422e-01,2.643729173355067186e+00
6.855527512338086549e-01,2.636681557262191777e+00
6.918422260157701675e-01,2.629629814371663432e+00
6.981317007977317912e-01,2.622574994446120744e+00
7.044211755796933039e-01,2.615518139728552072e+00
7.107106503616548165e-01,2.608460290084680278e+00
7.170001251436164402e-01,2.601402480613810742e+00
7.232895999255779529e-01,2.594345743175532348e+00
7.295790747075394655e-01,2.587291104825070409e+00
7.358685494895010892e-01,2.580239588230452519e+00
7.421580242714626019e-01,2.573192212533367496e+00
7.484474990534241146e-01,2.566149992554510373e+00
7.547369738353857382e-01,2.559113936032630043e+00
7.610264486173472509e-01,2.552085050830346091e+00
7.673159233993087636e-01,2.545064336469191613e+00
7.736053981812702762e-01,2.538052789945871357e+00
7.798948729632318999e-01,2.531051401917021160e+00
7.861843477451934126e-01,2.524060285433417761e+00
7.924738225271549252e-01,2.517083045213145187e+00
7.987632973091165489e-01,2.510118034640714590e+00
8.050527720910780616e-01,2.503167100964926561e+00
8.113422468730395742e-01,2.496231210460191807e+00
8.176317216550011979e-01,2.489311324959666560e+00
8.239211964369627106e-01,2.482408401481776661e+00
8.302106712189242232e-01,2.475523391197770984e+00
8.365001460008858469e-01,2.468657251923980667e+00
8.427896207828473596e-01,2.461810890032162469e+00
8.490790955648088723e-01,2.454985274731739775e+00
8.553685703467703849e-01,2.448181324943291326e+00
8.616580451287320086e-01,2.441399964691664870e+00
8.679475199106935213e-01,2.434642112788185209e+00
8.742369946926550339e-01,2.427908682372016624e+00
8.805264694746166576e-01,2.421200580039150285e+00
8.868159442565781703e-01,2.414518707838992473e+00
8.931054190385396829e-01,2.407863961088784865e+00
8.993948938205013066e-01,2.401237229554878283e+00
9.056843686024628193e-01,2.394639397061556707e+00
9.119738433844243319e-01,2.388071340603853177e+00
9.182633181663859556e-01,2.381533932325273994e+00
9.245527929483474683e-01,2.375028037326228247e+00
9.308422677303089809e-01,2.368554514827041935e+00
9.371317425122706046e-01,2.362114217848536146e+00
9.434212172942321173e-01,2.355707992309585386e+00
9.497106920761936300e-01,2.349336678980370241e+00
9.560001668581552536e-01,2.343001111289341853e+00
9.622896416401167663e-01,2.336702116464369539e+00
9.685791164220782790e-01,2.330440515289159631e+00
9.748685912040397916e-01,2.324217121186479496e+00
9.811580659860014153e-01,2.318032742141489244e+00
9.874475407679629280e-01,2.311888178511682490e+00
9.937370155499244406e-01,2.305784224142683581e+00
1.000026490331886064e+00,2.299721666051643520e+00
1.006315965113847577e+00,2.293701283287464143e+00
1.012605439895809090e+00,2.287723852157755200e+00
1.018894914677770602e+00,2.281790135841210265e+00
1.025184389459732115e+00,2.275900894443231071e+00
1.031473864241693850e+00,2.270056880064573956e+00
1.037763339023655362e+00,2.264258837631988985e+00
1.044052813805616875e+00,2.258507504810348010e+00
1.050342288587578388e+00,2.252803612318752702e+00
1.056631763369539900e+00,2.247147883202222918e+00
1.062921238151501413e+00,2.241541033385436865e+00
1.069210712933463148e+00,2.235983771383279084e+00
1.075500187715424660e+00,2.230476798144956252e+00
1.081789662497386173e+00,2.225020807504574094e+00
1.088079137279347686e+00,2.219616485354405810e+00
1.094368612061309198e+00,2.214264510225221638e+00
1.100658086843270711e+00,2.208965553038951590e+00
1.106947561625232446e+00,2.203720276858811999e+00
1.113237036407193958e+00,2.198529337478287271e+00
1.119526511189155471e+00,2.193393382493724175e+00
1.125815985971116984e+00,2.188313051911171758e+00
1.132105460753078496e+00,2.183288977942874354e+00
1.138394935535040009e+00,2.178321784660592453e+00
1.144684410317001522e+00,2.173412088726538904e+00
1.150973885098963256e+00,2.168560498363308220e+00
1.157263359880924769e+00,2.163767614471136191e+00
1.163552834662886282e+00,2.159034028049726217e+00
1.169842309444847794e+00,2.154360324592339726e+00
1.176131784226809307e+00,2.149747080121744425e+00
1.182421259008770820e+00,2.145194862475828579e+00
1.188710733790732554e+00,2.140704231968953319e+00
1.195000208572694067e+00,2.136275738851221906e+00
1.201289683354655580e+00,2.131909927619771050e+00
1.207579158136617092e+00,2.127607333183802574e+00
1.213868632918578605e+00,2.123368482053806794e+00
1.220158107700540118e+00,2.119193893028323838e+00
1.226447582482501630e+00,2.115084074694911553e+00
1.232737057264463365e+00,2.111039529650754254e+00
1.239026532046424878e+00,2.107060750805076932e+00
1.245316006828386390e+00,2.103148222467857487e+00
1.251605481610347903e+00,2.099302421061725266e+00
1.257894956392309416e+00,2.095523812668735886e+00
1.264184431174270928e+00,2.091812857152762550e+00
1.270473905956232663e+00,2.088170004607096342e+00
1.276763380738194176e+00,2.084595696338874760e+00
1.283052855520155688e+00,2.081090365605799963e+00
1.289342330302117201e+00,2.077654435212603623e+00
1.295631805084078714e+00,2.074288321528118928e+00
1.301921279866040226e+00,2.070992431085338037e+00
1.308210754648001739e+00,2.067767161458136105e+00
1.314500229429963474e+00,2.064612902022416652e+00
1.320789704211924986e+00,2.061530031494137827e+00
1.327079178993886499e+00,2.058518922393612449e+00
1.333368653775848012e+00,2.055579936686222187e+00
1.339658128557809524e+00,2.052713427666927881e+00
1.345947603339771037e+00,2.049919739699641585e+00
1.352237078121732772e+00,2.047199208366377032e+00
1.358526552903694284e+00,2.044552159898662236e+00
1.364816027685655797e+00,2.041978911947980091e+00
1.371105502467617310e+00,2.039479772824888570e+00
1.377394977249578822e+00,2.037055041799680666e+00
1.383684452031540335e+00,2.034705009304182077e+00
1.389973926813502070e+00,2.032429956214658606e+00
1.396263401595463582e+00,2.030230154824430144e+00
1.402552876377425095e+00,2.028105867983527322e+00
1.408842351159386608e+00,2.026057349363256765e+00
1.415131825941348120e+00,2.024084843766337904e+00
1.421421300723309633e+00,2.022188587021665374e+00
1.427710775505271146e+00,2.020368804375002991e+00
1.434000250287232880e+00,2.018625711868665906e+00
1.440289725069194393e+00,2.016959519614684559e+00
1.446579199851155906e+00,2.015370425306193702e+00
1.452868674633117418e+00,2.013858618581318094e+00
1.459158149415078931e+00,2.012424278480322570e+00
1.465447624197040444e+00,2.011067574762580357e+00
1.471737098979002178e+00,2.009788671246193204e+00
1.478026573760963691e+00,2.008587719236167857e+00
1.484316048542925204e+00,2.007464861866933070e+00
1.490605523324886716e+00,2.006420231677449983e+00
1.496894998106848229e+00,2.005453951863567674e+00
1.503184472888809742e+00,2.004566139681152492e+00
1.509473947670771476e+00,2.003756899797122237e+00
1.515763422452732989e+00,2.003026328606119399e+00
1.522052897234694502e+00,2.002374511926729550e+00
1.528342372016656014e+00,2.001801526187545477e+00
1.534631846798617527e+00,2.001307441890675776e+00
1.540921321580579040e+00,2.000892316769329771e+00
1.547210796362540552e+00,2.000556199886410536e+00
1.553500271144502287e+00,2.000299131107733608e+00
1.559789745926463800e+00,2.000121141063062158e+00
1.566079220708425312e+00,2.000022250861784201e+00
1.572368695490386825e+00,1.999997527657195517e+00
1.578658170272348338e+00,2.000061807627718569e+00
1.584947645054309850e+00,2.000200249742393854e+00
1.591237119836271585e+00,2.000417782257787103e+00
1.597526594618233098e+00,2.000714379515810659e+00
1.603816069400194610e+00,2.001090006157852930e+00
1.610105544182156123e+00,2.001544617700216300e+00
1.616395018964117636e+00,2.002078160134768581e+00
1.622684493746079148e+00,2.002690569801993004e+00
1.628973968528040661e+00,2.003381774540416327e+00
1.635263443310002396e+00,2.004151691926099765e+00
1.641552918091963909e+00,2.005000230708086750e+00
1.647842392873925421e+00,2.005927289986681128e+00
1.654131867655886934e+00,2.006932759335806171e+00
1.660421342437848446e+00,2.008016519756397500e+00
1.666710817219809959e+00,2.009178442117051766e+00
1.673000292001771694e+00,2.010418388428286018e+00
1.679289766783733207e+00,2.011736211167453270e+00
1.685579241565694719e+00,2.013131753289518322e+00
1.691868716347656232e+00,2.014604849154622901e+00
1.698158191129617745e+00,2.016155323136404220e+00
1.704447665911579257e+00,2.017782990734638737e+00
1.710737140693540770e+00,2.019487658046640099e+00
1.717026615475502505e+00,2.021269121667109925e+00
1.723316090257464017e+00,2.023127169589229002e+00
1.729605565039425530e+00,2.025061579980862447e+00
1.735895039821387043e+00,2.027072122135651799e+00
1.742184514603348555e+00,2.029158556090294052e+00
1.748473989385310068e+00,2.031320633381206164e+00
1.754763464167271803e+00,2.033558094876420252e+00
1.761052938949233315e+00,2.035870670429125617e+00
1.767342413731194828e+00,2.038258012151311860e+00
1.773631888513156341e+00,2.040720059916106610e+00
1.779921363295117853e+00,2.043256292326339540e+00
1.786210838077079366e+00,2.045866478713504577e+00
1.792500312859041101e+00,2.048550308825890287e+00
1.798789787641002613e+00,2.051307459839990965e+00
1.805079262422964126e+00,2.054137600884698767e+00
1.811368737204925639e+00,2.057040392750182356e+00
1.817658211986887151e+00,2.060015483982205353e+00
1.823947686768848664e+00,2.063062519364049940e+00
1.830237161550810177e+00,2.066181131281309202e+00
1.836526636332771911e+00,2.069370944161175618e+00
1.842816111114733424e+00,2.072631573369656977e+00
1.849105585896694937e+00,2.075962625661643468e+00
1.855395060678656449e+00,2.079363698791290016e+00
1.861684535460617962e+00,2.082834381844534288e+00
1.867974010242579475e+00,2.086374255167865677e+00
1.874263485024541209e+00,2.089982890250344116e+00
1.880552959806502722e+00,2.093659849970140208e+00
1.886842434588464235e+00,2.097404688454182153e+00
1.893131909370425747e+00,2.101216951256133836e+00
1.899421384152387260e+00,2.105096175352942023e+00
1.905710858934348773e+00,2.109041889014257709e+00
1.912000333716310507e+00,2.113053612016531524e+00
1.918289808498272020e+00,2.117130855579953064e+00
1.924579283280233533e+00,2.121273122478418038e+00
1.930868758062195045e+00,2.125479907083087650e+00
1.937158232844156558e+00,2.129750695233318503e+00
1.943447707626118071e+00,2.134084964391540939e+00
1.949737182408079583e+00,2.138482183683230176e+00
1.956026657190041318e+00,2.142941813926625194e+00
1.962316131972002831e+00,2.147463307725000714e+00
1.968605606753964343e+00,2.152046109339251778e+00
1.974895081535925856e+00,2.156689654784842425e+00
1.981184556317887369e+00,2.161393371972389676e+00
1.987474031099848881e+00,2.166156680659050870e+00
1.993763505881810616e+00,2.170978992588295853e+00
2.000052980663772129e+00,2.175859711364293236e+00
2.006342455445733641e+00,2.180798232492393129e+00
2.012631930227695154e+00,2.185793939209575321e+00
2.018921405009656667e+00,2.190846224399781494e+00
2.025210879791618179e+00,2.195954446699617701e+00
2.031500354573579692e+00,2.201117974454906090e+00
2.037789829355541205e+00,2.206336163666225314e+00
2.044079304137502717e+00,2.211608362730269395e+00
2.050368778919464230e+00,2.216933912241346061e+00
2.056658253701426187e+00,2.222312145221874147e+00
2.062947728483387699e+00,2.227742387000902102e+00
2.069237203265349212e+00,2.233223955146671269e+00
2.075526678047310725e+00,2.238756159891548414e+00
2.081816152829272237e+00,2.244338303862409845e+00
2.088105627611233750e+00,2.249969682354115097e+00
2.094395102393195263e+00,2.255649583210330267e+00
2.100684577175156775e+00,2.261377286705011258e+00
2.106974051957118288e+00,2.267152066055320159e+00
2.113263526739079801e+00,2.272973187093688452e+00
2.119553001521041313e+00,2.278839908532936054e+00
2.125842476303002826e+00,2.284751481948673391e+00
2.132131951084964339e+00,2.290707151512722195e+00
2.138421425866926295e+00,2.296706154639726716e+00
2.144710900648887808e+00,2.302747721609859521e+00
2.151000375430849321e+00,2.308831075771550445e+00
2.157289850212810833e+00,2.314955433649276806e+00
2.163579324994772346e+00,2.321120004641985091e+00
2.169868799776733859e+00,2.327323991609471676e+00
2.176158274558695371e+00,2.333566590566542143e+00
2.182447749340656884e+00,2.339846990806345062e+00
2.188737224122618397e+00,2.346164375264617075e+00
2.195026698904579909e+00,2.352517919390786361e+00
2.201316173686541422e+00,2.358906793669057311e+00
2.207605648468502935e+00,2.365330160034511575e+00
2.213895123250464891e+00,2.371787176072704728e+00
2.220184598032426404e+00,2.378276992011784330e+00
2.226474072814387917e+00,2.384798751214918688e+00
2.232763547596349429e+00,2.391351592044158814e+00
2.239053022378310942e+00,2.397934645894264971e+00
2.245342497160272455e+00,2.404547038087634814e+00
2.251631971942233967e+00,2.411187888230118759e+00
2.257921446724195480e+00,2.417856294145875662e+00
2.264210921506156993e+00,2.424551408927553275e+00
2.270500396288118505e+00,2.431272288031529172e+00
2.276789871070080018e+00,2.438018043065364626e+00
2.283079345852041531e+00,2.444787763767792388e+00
2.289368820634003043e+00,2.451580533703597631e+00
2.295658295415965000e+00,2.458395432046217355e+00
2.301947770197926513e+00,2.465231531573856660e+00
2.308237244979888025e+00,2.472087899532103616e+00
2.314526719761849538e+00,2.478963598124595880e+00
2.320816194543811051e+00,2.485857683531484508e+00
2.327105669325772563e+00,2.492769207433784828e+00
2.333395144107734076e+00,2.499697215088482860e+00
2.339684618889695589e+00,2.506640747679929948e+00
2.345974093671657101e+00,2.513598840890004293e+00
2.352263568453618614e+00,2.520570525428434294e+00
2.358553043235580127e+00,2.527554826131543031e+00
2.364842518017541639e+00,2.534550764437875969e+00
2.371131992799503152e+00,2.541557355181608191e+00
2.377421467581465109e+00,2.548573609734779755e+00
2.383710942363426621e+00,2.555598534494910368e+00
2.390000417145388134e+00,2.562631130670726787e+00
2.396289891927349647e+00,2.569670394625962473e+00
2.402579366709311159e+00,2.576715319216471567e+00
2.408868841491272672e+00,2.583764892324048823e+00
2.415158316273234185e+00,2.590818097613894810e+00
2.421447791055195697e+00,2.597873913704991544e+00
2.427737265837157210e+00,2.604931315876644060e+00
2.434026740619118723e+00,2.611989274405457362e+00
2.440316215401080235e+00,2.619046757699476036e+00
2.446605690183041748e+00,2.626102723873836364e+00
2.452895164965003261e+00,2.633156135579123536e+00
2.459184639746965217e+00,2.640205946265013370e+00
2.465474114528926730e+00,2.647251106367837892e+00
2.471763589310888243e+00,2.654290563229723343e+00
2.478053064092849755e+00,2.661323260292231208e+00
2.484342538874811268e+00,2.668348136919140856e+00
2.490632013656772781e+00,2.675364129558222448e+00
2.496921488438734293e+00,2.682370170602385251e+00
2.503210963220695806e+00,2.689365190998257216e+00
2.509500438002657319e+00,2.696348112740425407e+00
2.515789912784618831e+00,2.703317862314012388e+00
2.522079387566580344e+00,2.710273357975923947e+00
2.528368862348541857e+00,2.717213516384243910e+00
2.534658337130503369e+00,2.724137250764014695e+00
2.540947811912465326e+00,2.731043471672796485e+00
2.547237286694426839e+00,2.737931086743972564e+00
2.553526761476388351e+00,2.744799000510235842e+00
2.559816236258349864e+00,2.751646115362440081e+00
2.566105711040311377e+00,2.758471331697671225e+00
2.572395185822272889e+00,2.765273542880089419e+00
2.578684660604234402e+00,2.772051646844257089e+00
2.584974135386195915e+00,2.778804534091081635e+00
2.591263610168157427e+00,2.785531094535963703e+00
2.597553084950118940e+00,2.792230215293928008e+00
2.603842559732080453e+00,2.798900781544443550e+00
2.610132034514041965e+00,2.805541676350923108e+00
2.616421509296003478e+00,2.812151780617814456e+00
2.622710984077965435e+00,2.818729973279660683e+00
2.629000458859926947e+00,2.825275131725012656e+00
2.635289933641888460e+00,2.831786131201791346e+00
2.641579408423849973e+00,2.838261845433155628e+00
2.647868883205811485e+00,2.844701146237281542e+00
2.654158357987772998e+00,2.851102904085036194e+00
2.660447832769734511e+00,2.857465989869651057e+00
2.666737307551696023e+00,2.863789265765082526e+00
2.673026782333657536e+00,2.870071603363429258e+00
2.679316257115619049e+00,2.876311865696553394e+00
2.685605731897580561e+00,2.882508916675244670e+00
2.691895206679542074e+00,2.888661619200284747e+00
2.698184681461504031e+00,2.894768834892349929e+00
2.704474156243465544e+00,2.900829424677328738e+00
2.710763631025427056e+00,2.906842248313584065e+00
2.717053105807388569e+00,2.912806165148240645e+00
2.723342580589350082e+00,2.918720035400309332e+00
2.729632055371311594e+00,2.924582712243112059e+00
2.735921530153273107e+00,2.930393057854812522e+00
2.742211004935234619e+00,2.936149927440244056e+00
2.748500479717196132e+00,2.941852059514058038e+00
2.754789954499157645e+00,2.947498665368655679e+00
2.761079429281119157e+00,2.953088246270364703e+00
2.767368904063080670e+00,2.958619776600634577e+00
2.773658378845042183e+00,2.964092112168794646e+00
2.779947853627004140e+00,2.969504109268376268e+00
2.786237328408965652e+00,2.974854625489492754e+00
2.792526803190927165e+00,2.980142513191126774e+00
2.798816277972888678e+00,2.985366633207426457e+00
2.805105752754850190e+00,2.990525841073029767e+00
2.811395227536811703e+00,2.995618994613443498e+00
2.817684702318773216e+00,3.000644951901848323e+00
2.823974177100734728e+00,3.005602571734878214e+00
2.830263651882696241e+00,3.010490713663936724e+00
2.836553126664657754e+00,3.015308237621882714e+00
2.842842601446619266e+00,3.020054005965426835e+00
2.849132076228580779e+00,3.024726877954402759e+00
2.855421551010542291e+00,3.029325719539960549e+00
2.861711025792504248e+00,3.033849394143713685e+00
2.868000500574465761e+00,3.038296766900162371e+00
2.874289975356427274e+00,3.030024802527234939e+00
2.880579450138388786e+00,3.035183791558109245e+00
2.886868924920350299e+00,3.040222716723080865e+00
2.893158399702311812e+00,3.045141378695561230e+00
2.899447874484273324e+00,3.049939582906254110e+00
2.905737349266234837e+00,3.054617139550854787e+00
2.912026824048196350e+00,3.059173863597560938e+00
2.918316298830157862e+00,3.063609574794385004e+00
2.924605773612119375e+00,3.067924097676291595e+00
2.930895248394080888e+00,3.072117261572135050e+00
2.937184723176042400e+00,3.076188900611409593e+00
2.943474197958004357e+00,3.080138853730813420e+00
2.949763672739965870e+00,3.083966964680618261e+00
2.956053147521927382e+00,3.087673082030852889e+00
2.962342622303888895e+00,3.091257059177286326e+00
2.968632097085850408e+00,3.094718754347236978e+00
2.974921571867811920e+00,3.098058030605173485e+00
2.981211046649773433e+00,3.101274755858133503e+00
2.987500521431734946e+00,3.104368802860950183e+00
2.993789996213696458e+00,3.107340049221283707e+00
3.000079470995657971e+00,3.110188377404464966e+00
3.006368945777619484e+00,3.112913674738142511e+00
3.012658420559580996e+00,3.115515833416741209e+00
3.018947895341542953e+00,3.117994750505728163e+00
3.025237370123504466e+00,3.120350327945678792e+00
3.031526844905465978e+00,3.122582472556164390e+00
3.037816319687427491e+00,3.124691096039429183e+00
3.044105794469389004e+00,3.126676114983890642e+00
3.050395269251350516e+00,3.128537450867434178e+00
3.056684744033312029e+00,3.130275030060521324e+00
3.062974218815273542e+00,3.131888783829102074e+00
3.069263693597235054e+00,3.133378648337332706e+00
3.075553168379196567e+00,3.134744564650103094e+00
3.081842643161158080e+00,3.135986478735365957e+00
3.088132117943119592e+00,3.137104341466276480e+00
3.094421592725081105e+00,3.138098108623132099e+00
3.100711067507043062e+00,3.138967740895124869e+00
3.107000542289004574e+00,3.139713203881896675e+00
3.113290017070966087e+00,3.140334468094897247e+00
3.119579491852927600e+00,3.140831508958553009e+00
3.125868966634889112e+00,3.141204306811238300e+00
3.132158441416850625e+00,3.141452846906053864e+00
3.138447916198812138e+00,3.141577119411406827e+00
3.144737390980773650e+00,3.141577119411406827e+00
3.151026865762735163e+00,3.141452846906052976e+00
3.157316340544696676e+00,3.141204306811238745e+00
3.163605815326658188e+00,3.140831508958553009e+00
3.169895290108619701e+00,3.140334468094897247e+00
3.176184764890581214e+00,3.139713203881896675e+00
3.182474239672543170e+00,3.138967740895124869e+00
3.188763714454504683e+00,3.138098108623132099e+00
3.195053189236466196e+00,3.137104341466276036e+00
3.201342664018427708e+00,3.135986478735365957e+00
3.207632138800389221e+00,3.134744564650103094e+00
3.213921613582350734e+00,3.133378648337332706e+00
3.220211088364312246e+00,3.131888783829102074e+00
3.226500563146273759e+00,3.130275030060521768e+00
3.232790037928235272e+00,3.128537450867434622e+00
3.239079512710196784e+00,3.126676114983891086e+00
3.245368987492158297e+00,3.124691096039429183e+00
3.251658462274119810e+00,3.122582472556164390e+00
3.257947937056081322e+00,3.120350327945679236e+00
3.264237411838043279e+00,3.117994750505727719e+00
3.270526886620004792e+00,3.115515833416741209e+00
3.276816361401966304e+00,3.112913674738142511e+00
3.283105836183927817e+00,3.110188377404464966e+00
3.289395310965889330e+00,3.107340049221283707e+00
3.295684785747850842e+00,3.104368802860950627e+00
3.301974260529812355e+00,3.101274755858134391e+00
3.308263735311773868e+00,3.098058030605173485e+00
3.314553210093735380e+00,3.094718754347237422e+00
3.320842684875696893e+00,3.091257059177286770e+00
3.327132159657658406e+00,3.087673082030852889e+00
3.333421634439619918e+00,3.083966964680618705e+00
3.339711109221581431e+00,3.080138853730814308e+00
3.346000584003543388e+00,3.076188900611410482e+00
3.352290058785504900e+00,3.072117261572135494e+00
3.358579533567466413e+00,3.067924097676292483e+00
3.364869008349427926e+00,3.063609574794385448e+00
3.371158483131389438e+00,3.059173863597560938e+00
3.377447957913350951e+00,3.054617139550855232e+00
3.383737432695312464e+00,3.049939582906254110e+00
3.390026907477273976e+00,3.045141378695561230e+00
3.396316382259235489e+00,3.040222716723081309e+00
3.402605857041197002e+00,3.035183791558109689e+00
3.408895331823158514e+00,3.030024802527234939e+00
3.415184806605120027e+00,3.038296766900162815e+00
3.421474281387081540e+00,3.033849394143714573e+00
3.427763756169043496e+00,3.029325719539960993e+00
3.434053230951005009e+00,3.024726877954403204e+00
3.440342705732966522e+00,3.020054005965427280e+00
3.446632180514928034e+00,3.015308237621883602e+00
3.452921655296889547e+00,3.010490713663937612e+00
3.459211130078851060e+00,3.005602571734879547e+00
3.465500604860812572e+00,3.000644951901849655e+00
3.471790079642774085e+00,2.995618994613443054e+00
3.478079554424735598e+00,2.990525841073029767e+00
3.484369029206697110e+00,2.985366633207426457e+00
3.490658503988658623e+00,2.980142513191127218e+00
3.496947978770620136e+00,2.974854625489492754e+00
3.503237453552582092e+00,2.969504109268375824e+00
3.509526928334543605e+00,2.964092112168795090e+00
3.515816403116505118e+00,2.958619776600635021e+00
3.522105877898466630e+00,2.953088246270365147e+00
3.528395352680428143e+00,2.947498665368655679e+00
3.534684827462389656e+00,2.941852059514058482e+00
3.540974302244351168e+00,2.936149927440244944e+00
3.547263777026312681e+00,2.930393057854812078e+00
3.553553251808274194e+00,2.924582712243112947e+00
3.559842726590235706e+00,2.918720035400309776e+00
3.566132201372197219e+00,2.912806165148241533e+00
3.572421676154158732e+00,2.906842248313583621e+00
3.578711150936120244e+00,2.900829424677328738e+00
3.585000625718082201e+00,2.894768834892350373e+00
3.591290100500043714e+00,2.888661619200285635e+00
3.597579575282005226e+00,2.882508916675244670e+00
3.603869050063966739e+00,2.876311865696553838e+00
3.610158524845928252e+00,2.870071603363429258e+00
3.616447999627889764e+00,2.863789265765082526e+00
3.622737474409851277e+00,2.857465989869651501e+00
3.629026949191812790e+00,2.851102904085036638e+00
3.635316423973774302e+00,2.844701146237282430e+00
3.641605898755735815e+00,2.838261845433156072e+00
3.647895373537697328e+00,2.831786131201791790e+00
3.654184848319658840e+00,2.825275131725013544e+00
3.660474323101620353e+00,2.818729973279660683e+00
3.666763797883582310e+00,2.812151780617814456e+00
3.673053272665543822e+00,2.805541676350923996e+00
3.679342747447505335e+00,2.798900781544443994e+00
3.685632222229466848e+00,2.792230215293929341e+00
3.691921697011428360e+00,2.785531094535964147e+00
3.698211171793389873e+00,2.778804534091082523e+00
3.704500646575351386e+00,2.772051646844257977e+00
3.710790121357312898e+00,2.765273542880090751e+00
3.717079596139274411e+00,2.758471331697671669e+00
3.723369070921235924e+00,2.751646115362440081e+00
3.729658545703197436e+00,2.744799000510235842e+00
3.735948020485158949e+00,2.737931086743973452e+00
3.742237495267120462e+00,2.731043471672796930e+00
3.748526970049082419e+00,2.724137250764016027e+00
3.754816444831043931e+00,2.717213516384244354e+00
3.761105919613005444e+00,2.710273357975924391e+00
3.767395394394966956e+00,2.703317862314012832e+00
3.773684869176928469e+00,2.696348112740425851e+00
3.779974343958889982e+00,2.689365190998258104e+00
3.786263818740851494e+00,2.682370170602387027e+00
3.792553293522813007e+00,2.675364129558223780e+00
3.798842768304774520e+00,2.668348136919141744e+00
3.805132243086736032e+00,2.661323260292232096e+00
3.811421717868697545e+00,2.654290563229724675e+00
3.817711192650659058e+00,2.647251106367838336e+00
3.824000667432621015e+00,2.640205946265013370e+00
3.830290142214582527e+00,2.633156135579124868e+00
3.836579616996544040e+00,2.626102723873836364e+00
3.842869091778505553e+00,2.619046757699476480e+00
3.849158566560467065e+00,2.611989274405458250e+00
3.855448041342428578e+00,2.604931315876644060e+00
3.861737516124390091e+00,2.597873913704992432e+00
3.868026990906351603e+00,2.590818097613896143e+00
3.874316465688313116e+00,2.583764892324048379e+00
3.880605940470274628e+00,2.576715319216472011e+00
3.886895415252236141e+00,2.569670394625963361e+00
3.893184890034197654e+00,2.562631130670727675e+00
3.899474364816159166e+00,2.555598534494910812e+00
3.905763839598121123e+00,2.548573609734779755e+00
3.912053314380082636e+00,2.541557355181608191e+00
3.918342789162044149e+00,2.534550764437876413e+00
3.924632263944005661e+00,2.527554826131543475e+00
3.930921738725967174e+00,2.520570525428434738e+00
3.937211213507928687e+00,2.513598840890004738e+00
3.943500688289890199e+00,2.506640747679930392e+00
3.949790163071851712e+00,2.499697215088483304e+00
3.956079637853813225e+00,2.492769207433786161e+00
3.962369112635774737e+00,2.485857683531485396e+00
3.968658587417736250e+00,2.478963598124596324e+00
3.974948062199697763e+00,2.472087899532104505e+00
3.981237536981659275e+00,2.465231531573857549e+00
3.987527011763621232e+00,2.458395432046217355e+00
3.993816486545582745e+00,2.451580533703598075e+00
4.000105961327544257e+00,2.444787763767793720e+00
4.006395436109505326e+00,2.438018043065365514e+00
4.012684910891467283e+00,2.431272288031529172e+00
4.018974385673428351e+00,2.424551408927553720e+00
4.025263860455390308e+00,2.417856294145876106e+00
4.031553335237352265e+00,2.411187888230118315e+00
4.037842810019313333e+00,2.404547038087635258e+00
4.044132284801275290e+00,2.397934645894265415e+00
4.050421759583236359e+00,2.391351592044159258e+00
4.056711234365198315e+00,2.384798751214918244e+00
4.063000709147159384e+00,2.378276992011784774e+00
4.069290183929121341e+00,2.371787176072704284e+00
4.075579658711082409e+00,2.365330160034512907e+00
4.081869133493044366e+00,2.358906793669057755e+00
4.088158608275005435e+00,2.352517919390786805e+00
4.094448083056967391e+00,2.346164375264617519e+00
4.100737557838928460e+00,2.339846990806345506e+00
4.107027032620890417e+00,2.333566590566542587e+00
4.113316507402852373e+00,2.327323991609471676e+00
4.119605982184813442e+00,2.321120004641985979e+00
4.125895456966775399e+00,2.314955433649275918e+00
4.132184931748736467e+00,2.308831075771550445e+00
4.138474406530698424e+00,2.302747721609859077e+00
4.144763881312659493e+00,2.296706154639727160e+00
4.151053356094621449e+00,2.290707151512722639e+00
4.157342830876582518e+00,2.284751481948674279e+00
4.163632305658544475e+00,2.278839908532936054e+00
4.169921780440505543e+00,2.272973187093688896e+00
4.176211255222467500e+00,2.267152066055321047e+00
4.182500730004428569e+00,2.261377286705012590e+00
4.188790204786390525e+00,2.255649583210330711e+00
4.195079679568352482e+00,2.249969682354114653e+00
4.201369154350313551e+00,2.244338303862411177e+00
4.207658629132275507e+00,2.238756159891548414e+00
4.213948103914236576e+00,2.233223955146672157e+00
4.220237578696198533e+00,2.227742387000902990e+00
4.226527053478159601e+00,2.222312145221875035e+00
4.232816528260121558e+00,2.216933912241346505e+00
4.239106003042082627e+00,2.211608362730270283e+00
4.245395477824044583e+00,2.206336163666225758e+00
4.251684952606005652e+00,2.201117974454906978e+00
4.257974427387967609e+00,2.195954446699617257e+00
4.264263902169928677e+00,2.190846224399783271e+00
4.270553376951890634e+00,2.185793939209575321e+00
4.276842851733852591e+00,2.180798232492393129e+00
4.283132326515813659e+00,2.175859711364293680e+00
4.289421801297775616e+00,2.170978992588295853e+00
4.295711276079736685e+00,2.166156680659051759e+00
4.302000750861698641e+00,2.161393371972390121e+00
4.308290225643659710e+00,2.156689654784843757e+00
4.314579700425621667e+00,2.152046109339252222e+00
4.320869175207582735e+00,2.147463307725001602e+00
4.327158649989544692e+00,2.142941813926626082e+00
4.333448124771505761e+00,2.138482183683231508e+00
4.339737599553467717e+00,2.134084964391541384e+00
4.346027074335428786e+00,2.129750695233318947e+00
4.352316549117390743e+00,2.125479907083088094e+00
4.358606023899352699e+00,2.121273122478418038e+00
4.364895498681313768e+00,2.117130855579953064e+00
4.371184973463275725e+00,2.113053612016531968e+00
4.377474448245236793e+00,2.109041889014258153e+00
4.383763923027198750e+00,2.105096175352942467e+00
4.390053397809159819e+00,2.101216951256134724e+00
4.396342872591121775e+00,2.097404688454182597e+00
4.402632347373082844e+00,2.093659849970140652e+00
4.408921822155044801e+00,2.089982890250343672e+00
4.415211296937005869e+00,2.086374255167867009e+00
4.421500771718967826e+00,2.082834381844534288e+00
4.427790246500929783e+00,2.079363698791289572e+00
4.434079721282890851e+00,2.075962625661643912e+00
4.440369196064852808e+00,2.072631573369656977e+00
4.446658670846813877e+00,2.069370944161175618e+00
4.452948145628775833e+00,2.066181131281309202e+00
4.459237620410736902e+00,2.063062519364050829e+00
4.465527095192698859e+00,2.060015483982205797e+00
4.471816569974659927e+00,2.057040392750183688e+00
4.478106044756621884e+00,2.054137600884698323e+00
4.484395519538582953e+00,2.051307459839991409e+00
4.490684994320544909e+00,2.048550308825890287e+00
4.496974469102505978e+00,2.045866478713505021e+00
4.503263943884467935e+00,2.043256292326340429e+00
4.509553418666429891e+00,2.040720059916107054e+00
4.515842893448390960e+00,2.038258012151311860e+00
4.522132368230352917e+00,2.035870670429125173e+00
4.528421843012313985e+00,2.033558094876420252e+00
4.534711317794275942e+00,2.031320633381205720e+00
4.541000792576237011e+00,2.029158556090294496e+00
4.547290267358198967e+00,2.027072122135651355e+00
4.553579742140160036e+00,2.025061579980862447e+00
4.559869216922121993e+00,2.023127169589228558e+00
4.566158691704083061e+00,2.021269121667110369e+00
4.572448166486045018e+00,2.019487658046639655e+00
4.578737641268006087e+00,2.017782990734638737e+00
4.585027116049968043e+00,2.016155323136404665e+00
4.591316590831930000e+00,2.014604849154623345e+00
4.597606065613891069e+00,2.013131753289518322e+00
4.603895540395853025e+00,2.011736211167453714e+00
4.610185015177814094e+00,2.010418388428286907e+00
4.616474489959776051e+00,2.009178442117052210e+00
4.622763964741737119e+00,2.008016519756397500e+00
4.629053439523699076e+00,2.006932759335805727e+00
4.635342914305660145e+00,2.005927289986681572e+00
4.641632389087622101e+00,2.005000230708086750e+00
4.647921863869583170e+00,2.004151691926099765e+00
4.654211338651545127e+00,2.003381774540416771e+00
4.660500813433506195e+00,2.002690569801992559e+00
4.666790288215468152e+00,2.002078160134768137e+00
4.673079762997430109e+00,2.001544617700216744e+00
4.679369237779391177e+00,2.001090006157852486e+00
4.685658712561353134e+00,2.000714379515810659e+00
4.691948187343314203e+00,2.000417782257787103e+00
4.698237662125276159e+00,2.000200249742393410e+00
4.704527136907237228e+00,2.000061807627718569e+00
4.710816611689199185e+00,1.999997527657195295e+00
4.717106086471160253e+00,2.000022250861784201e+00
4.723395561253122210e+00,2.000121141063062602e+00
4.729685036035083279e+00,2.000299131107734052e+00
4.735974510817045235e+00,2.000556199886410536e+00
4.742263985599006304e+00,2.000892316769329327e+00
4.748553460380968261e+00,2.001307441890676220e+00
4.754842935162930218e+00,2.001801526187545477e+00
4.761132409944891286e+00,2.002374511926729994e+00
4.767421884726853243e+00,2.003026328606119844e+00
4.773711359508814311e+00,2.003756899797122681e+00
4.780000834290776268e+00,2.004566139681152492e+00
4.786290309072737337e+00,2.005453951863567674e+00
4.792579783854699293e+00,2.006420231677449983e+00
4.798869258636660362e+00,2.007464861866933514e+00
4.805158733418622319e+00,2.008587719236167413e+00
4.811448208200583387e+00,2.009788671246193204e+00
4.817737682982545344e+00,2.011067574762580801e+00
4.824027157764506413e+00,2.012424278480322570e+00
4.830316632546468369e+00,2.013858618581318538e+00
4.836606107328430326e+00,2.015370425306193702e+00
4.842895582110391395e+00,2.016959519614684559e+00
4.849185056892353352e+00,2.018625711868665462e+00
4.855474531674314420e+00,2.020368804375002547e+00
4.861764006456276377e+00,2.022188587021664929e+00
4.868053481238237445e+00,2.024084843766337904e+00
4.874342956020199402e+00,2.026057349363256321e+00
4.880632430802160471e+00,2.028105867983526878e+00
4.886921905584122428e+00,2.030230154824429700e+00
4.893211380366083496e+00,2.032429956214659050e+00
4.899500855148045453e+00,2.034705009304182077e+00
4.905790329930006521e+00,2.037055041799680222e+00
4.912079804711968478e+00,2.039479772824889015e+00
4.918369279493930435e+00,2.041978911947980091e+00
4.924658754275891503e+00,2.044552159898662236e+00
4.930948229057853460e+00,2.047199208366377032e+00
4.937237703839814529e+00,2.049919739699641141e+00
4.943527178621776486e+00,2.052713427666927881e+00
4.949816653403737554e+00,2.055579936686222187e+00
4.956106128185699511e+00,2.058518922393612449e+00
4.962395602967660579e+00,2.061530031494137383e+00
4.968685077749622536e+00,2.064612902022416208e+00
4.974974552531583605e+00,2.067767161458135217e+00
4.981264027313545562e+00,2.070992431085337149e+00
4.987553502095506630e+00,2.074288321528117596e+00
4.993842976877468587e+00,2.077654435212603179e+00
5.000132451659430544e+00,2.081090365605799963e+00
5.006421926441391612e+00,2.084595696338874316e+00
5.012711401223353569e+00,2.088170004607096342e+00
5.019000876005314637e+00,2.091812857152762106e+00
5.025290350787276594e+00,2.095523812668735442e+00
5.031579825569237663e+00,2.099302421061724822e+00
5.037869300351199620e+00,2.103148222467857043e+00
5.044158775133160688e+00,2.107060750805076932e+00
5.050448249915122645e+00,2.111039529650753810e+00
5.056737724697083713e+00,2.115084074694911109e+00
5.063027199479045670e+00,2.119193893028322950e+00
5.069316674261006739e+00,2.123368482053806794e+00
5.075606149042968696e+00,2.127607333183801686e+00
5.081895623824930652e+00,2.131909927619771050e+00
5.088185098606891721e+00,2.136275738851221462e+00
5.094474573388853678e+00,2.140704231968953319e+00
5.100764048170814746e+00,2.145194862475828135e+00
5.107053522952776703e+00,2.149747080121744425e+00
5.113342997734737772e+00,2.154360324592339282e+00
5.119632472516699728e+00,2.159034028049726217e+00
5.125921947298660797e+00,2.163767614471135303e+00
5.132211422080622754e+00,2.168560498363308664e+00
5.138500896862583822e+00,2.173412088726538460e+00
5.144790371644545779e+00,2.178321784660592009e+00
5.151079846426506847e+00,2.183288977942873466e+00
5.157369321208468804e+00,2.188313051911171758e+00
5.163658795990430761e+00,2.193393382493724175e+00
5.169948270772391830e+00,2.198529337478286827e+00
5.176237745554353786e+00,2.203720276858811999e+00
5.182527220336314855e+00,2.208965553038950702e+00
5.188816695118276812e+00,2.214264510225221194e+00
5.195106169900237880e+00,2.219616485354405810e+00
5.201395644682199837e+00,2.225020807504573650e+00
5.207685119464160906e+00,2.230476798144955808e+00
5.213974594246122862e+00,2.235983771383279084e+00
5.220264069028083931e+00,2.241541033385436865e+00
5.226553543810045888e+00,2.247147883202222474e+00
5.232843018592006956e+00,2.252803612318752258e+00
5.239132493373968913e+00,2.258507504810347566e+00
5.245421968155930870e+00,2.264258837631988985e+00
5.251711442937891938e+00,2.270056880064573512e+00
5.258000917719853895e+00,2.275900894443230182e+00
5.264290392501814964e+00,2.281790135841210265e+00
5.270579867283776920e+00,2.287723852157754756e+00
5.276869342065737989e+00,2.293701283287463255e+00
5.283158816847699946e+00,2.299721666051643520e+00
5.289448291629661014e+00,2.305784224142683136e+00
5.295737766411622971e+00,2.311888178511682046e+00
5.302027241193584040e+00,2.318032742141489244e+00
5.308316715975545996e+00,2.324217121186479496e+00
5.314606190757507953e+00,2.330440515289159631e+00
5.320895665539469022e+00,2.336702116464369094e+00
5.327185140321430978e+00,2.343001111289342298e+00
5.333474615103392047e+00,2.349336678980369353e+00
5.339764089885354004e+00,2.355707992309585386e+00
5.346053564667315072e+00,2.362114217848535258e+00
5.352343039449277029e+00,2.368554514827041491e+00
5.358632514231238098e+00,2.375028037326227803e+00
5.364921989013200054e+00,2.381533932325273550e+00
5.371211463795161123e+00,2.388071340603852288e+00
5.377500938577123080e+00,2.394639397061556707e+00
5.383790413359084148e+00,2.401237229554877395e+00
5.390079888141046105e+00,2.407863961088784421e+00
5.396369362923008062e+00,2.414518707838992029e+00
5.402658837704969130e+00,2.421200580039149397e+00
5.408948312486931087e+00,2.427908682372016624e+00
5.415237787268892156e+00,2.434642112788184320e+00
5.421527262050854112e+00,2.441399964691664426e+00
5.427816736832815181e+00,2.448181324943290438e+00
5.434106211614777138e+00,2.454985274731739775e+00
5.440395686396738206e+00,2.461810890032162025e+00
5.446685161178700163e+00,2.468657251923980667e+00
5.452974635960661232e+00,2.475523391197770096e+00
5.459264110742623188e+00,2.482408401481775773e+00
5.465553585524584257e+00,2.489311324959665672e+00
5.471843060306546214e+00,2.496231210460190919e+00
5.478132535088508170e+00,2.503167100964926117e+00
5.484422009870469239e+00,2.510118034640714590e+00
5.490711484652431196e+00,2.517083045213144743e+00
5.497000959434392264e+00,2.524060285433416873e+00
5.503290434216354221e+00,2.531051401917021604e+00
5.509579908998315290e+00,2.538052789945871801e+00
5.515869383780277246e+00,2.545064336469192057e+00
5.522158858562238315e+00,2.552085050830344759e+00
5.528448333344200272e+00,2.559113936032629155e+00
5.534737808126161340e+00,2.566149992554509485e+00
5.541027282908123297e+00,2.573192212533367496e+00
5.547316757690084366e+00,2.580239588230452075e+00
5.553606232472046322e+00,2.587291104825070409e+00
5.559895707254008279e+00,2.594345743175531904e+00
5.566185182035969348e+00,2.601402480613810297e+00
5.572474656817931304e+00,2.608460290084680722e+00
5.578764131599892373e+00,2.615518139728551184e+00
5.585053606381854330e+00,2.622574994446120300e+00
5.591343081163815398e+00,2.629629814371662544e+00
5.597632555945777355e+00,2.636681557262191777e+00
5.603922030727738424e+00,2.643729173355065853e+00
5.610211505509700380e+00,2.650771613748790667e+00
5.616500980291661449e+00,2.657807823059879837e+00
5.622790455073623406e+00,2.664836742475981346e+00
5.629079929855584474e+00,2.671857310239597272e+00
5.635369404637546431e+00,2.678868460860321488e+00
5.641658879419508388e+00,2.685869125012148473e+00
5.647948354201469456e+00,2.692858230408749165e+00
5.654237828983431413e+00,2.699834701587079611e+00
5.660527303765392482e+00,2.706797460288528967e+00
5.666816778547354438e+00,2.713745422286141462e+00
5.673106253329315507e+00,2.720677504669458457e+00
5.679395728111277464e+00,2.727592618595771512e+00
5.685685202893238532e+00,2.734489673311061075e+00
5.691974677675200489e+00,2.741367574798488249e+00
5.698264152457161558e+00,2.748225226554378953e+00
5.704553627239123514e+00,2.755061529351387595e+00
5.710843102021084583e+00,2.761875381058366941e+00
5.717132576803046540e+00,2.768665677589035035e+00
5.723422051585008496e+00,2.775431312608935386e+00
5.729711526366969565e+00,2.782171174698222504e+00
5.736001001148931522e+00,2.788884154564390538e+00
5.742290475930892590e+00,2.795569137592434750e+00
5.748579950712854547e+00,2.802225007731304451e+00
5.754869425494815616e+00,2.808850647238449572e+00
5.761158900276777572e+00,2.815444935983093533e+00
5.767448375058738641e+00,2.822006752103265903e+00
5.773737849840700598e+00,2.828534971769952389e+00
5.780027324622661666e+00,2.835028469235099102e+00
5.786316799404623623e+00,2.841486117981752102e+00
5.792606274186584692e+00,2.847906788656599630e+00
5.798895748968546648e+00,2.854289351144805309e+00
5.805185223750508605e+00,2.860632673627419020e+00
5.811474698532469674e+00,2.866935628612399256e+00
5.817764173314431631e+00,2.873197064839034809e+00
5.824053648096392699e+00,2.879415863644489093e+00
5.830343122878354656e+00,2.885590882681249969e+00
5.836632597660315724e+00,2.891720984121771476e+00
5.842922072442277681e+00,2.897805029222180195e+00
5.849211547224238750e+00,2.903841878451201008e+00
5.855501022006200706e+00,2.909830391406692751e+00
5.861790496788161775e+00,2.915769426917425466e+00
5.868079971570123732e+00,2.921657843265833776e+00
5.874369446352084800e+00,2.927494498028812231e+00
5.880658921134046757e+00,2.933278248500302610e+00
5.886948395916008714e+00,2.939007951505893335e+00
5.893237870697969782e+00,2.944682463463004662e+00
5.899527345479931739e+00,2.950300640682745446e+00
5.905816820261892808e+00,2.955861339199020499e+00
5.912106295043854765e+00,2.961363415116958997e+00
5.918395769825815833e+00,2.966805724533672972e+00
5.924685244607777790e+00,2.972187123493464256e+00
5.930974719389738858e+00,2.977506468374832682e+00
5.937264194171700815e+00,2.982762615722969635e+00
5.943553668953661884e+00,2.987954422457940851e+00
5.949843143735623840e+00,2.993080746035256645e+00
5.956132618517584909e+00,2.998140444166117469e+00
5.962422093299546866e+00,3.003132375346467153e+00
5.968711568081508823e+00,3.008055398650287149e+00
5.975001042863469891e+00,3.012908373968937070e+00
5.981290517645431848e+00,3.017690162027736989e+00
5.987579992427392916e+00,3.022399624440613941e+00
5.993869467209354873e+00,3.027035623717082125e+00
6.000158941991315942e+00,3.031597023640581146e+00
6.006448416773277899e+00,3.036082688991076139e+00
6.012737891555238967e+00,3.027400347650529788e+00
6.019027366337200924e+00,3.032619292382380038e+00
6.025316841119161992e+00,3.037718274693151699e+00
6.031606315901123949e+00,3.042697092880553900e+00
6.037895790683085906e+00,3.047555549995668578e+00
6.044185265465046974e+00,3.052293453850745131e+00
6.050474740247008931e+00,3.056910617026805443e+00
6.056764215028970000e+00,3.061406856881049521e+00
6.063053689810931957e+00,3.065781995554087480e+00
6.069343164592893025e+00,3.070035859976970372e+00
6.075632639374854982e+00,3.074168281878044251e+00
6.081922114156816050e+00,3.078179097789594643e+00
6.088211588938778007e+00,3.082068149054323136e+00
6.094501063720739076e+00,3.085835281831617927e+00
6.100790538502701033e+00,3.089480347103642721e+00
6.107080013284662101e+00,3.093003200681227582e+00
6.113369488066624058e+00,3.096403703209576808e+00
6.119658962848586015e+00,3.099681720173778743e+00
6.125948437630547083e+00,3.102837121904126860e+00
6.132237912412509040e+00,3.105869783581251209e+00
6.138527387194470109e+00,3.108779585241054022e+00
6.144816861976432065e+00,3.111566411779456587e+00
6.151106336758393134e+00,3.114230152956948494e+00
6.157395811540355091e+00,3.116770703402957032e+00
6.163685286322316159e+00,3.119187962620004750e+00
6.169974761104278116e+00,3.121481834987693826e+00
6.176264235886239184e+00,3.123652229766482158e+00
6.182553710668201141e+00,3.125699061101276488e+00
6.188843185450162210e+00,3.127622248024827911e+00
6.195132660232124167e+00,3.129421714460933757e+00
6.201422135014086123e+00,3.131097389227447181e+00
6.207711609796047192e+00,3.132649206039094469e+00
6.214001084578009149e+00,3.134077103510094719e+00
6.220290559359970217e+00,3.135381025156589896e+00
6.226580034141932174e+00,3.136560919398879488e+00
6.232869508923893243e+00,3.137616739563457102e+00
6.239158983705855199e+00,3.138548443884864536e+00
6.245448458487816268e+00,3.139355995507332686e+00
6.251737933269778225e+00,3.140039362486252372e+00
6.258027408051739293e+00,3.140598517789425337e+00
6.264316882833701250e+00,3.141033439298145602e+00
6.270606357615662318e+00,3.141344109808061447e+00
6.276895832397624275e+00,3.141530517029870850e+00
6.283185307179586232e+00,3.141592653589793116e+00
